[32][99] -> [324]
[48][58] -> [357]
[116][272] -> [448]
[32][116] -> [257]
[389][32] -> [467]
[289][263] -> [432]
[257][111] -> [426]
[314][108] -> [385]
[116][274] -> [381]
[281][291] -> [486]
[265][100] -> [469]
[114][101] -> [281]
[108][101] -> [304]
[32][280] -> [366]
[101][120] -> [378]
[111][116] -> [370]
[355][104] -> [388]
[101][269] -> [425]
[97][295] -> [395]
[118][105] -> [351]
[101][109] -> [412]
[105][99] -> [284]
[119][349] -> [354]
[102][372] -> [373]
[101][100] -> [316]
[341][296] -> [428]
[115][32] -> [258]
[486][262] -> [487]
[259][116] -> [343]
[336][256] -> [423]
[261][280] -> [415]
[347][277] -> [382]
[117][115] -> [295]
[257][114] -> [367]
[100][260] -> [338]
[357][48] -> [403]
[114][111] -> [276]
[264][268] -> [411]
[105][118] -> [300]
[114][273] -> [498]
[303][302] -> [352]
[117][99] -> [361]
[110][32] -> [488]
[97][109] -> [289]
[44][267] -> [398]
[101][321] -> [464]
[260][32] -> [493]
[111][119] -> [345]
[115][105] -> [356]
[263][32] -> [353]
[270][267] -> [446]
[328][293] -> [445]
[101][114] -> [263]
[117][114] -> [303]
[111][109] -> [306]
[427][272] -> [471]
[105][103] -> [317]
[121][279] -> [404]
[451][45] -> [483]
[443][482] -> [484]
[48][32] -> [410]
[97][116] -> [260]
[265][32] -> [290]
[97][114] -> [283]
[332][45] -> [374]
[108][111] -> [331]
[273][256] -> [436]
[102][45] -> [453]
[101][116] -> [344]
[46][10] -> [299]
[101][32] -> [256]
[304][283] -> [457]
[118][263] -> [321]
[105][108] -> [327]
[101][258] -> [333]
[119][256] -> [460]
[392][115] -> [463]
[342][300] -> [350]
[298][32] -> [478]
[277][453] -> [462]
[339][32] -> [408]
[98][370] -> [431]
[271][32] -> [417]
[282][121] -> [497]
[97][118] -> [362]
[314][107] -> [368]
[275][72] -> [468]
[256][307] -> [359]
[45][374] -> [380]
[359][256] -> [433]
[275][313] -> [336]
[100][32] -> [268]
[84][322] -> [328]
[256][115] -> [474]
[99][271] -> [481]
[264][100] -> [325]
[391][260] -> [475]
[99][116] -> [420]
[113][117] -> [371]
[452][368] -> [465]
[115][272] -> [472]
[388][284] -> [394]
[109][111] -> [329]
[101][118] -> [400]
[277][287] -> [492]
[99][290] -> [414]
[97][258] -> [383]
[105][122] -> [390]
[257][272] -> [288]
[117][258] -> [499]
[335][32] -> [449]
[117][108] -> [308]
[101][115] -> [273]
[294][116] -> [452]
[105][262] -> [274]
[97][98] -> [341]
[260][274] -> [298]
[105][110] -> [259]
[111][114] -> [271]
[84][104] -> [313]
[39][258] -> [323]
[121][32] -> [287]
[105][116] -> [278]
[97][115] -> [291]
[266][108] -> [311]
[264][263] -> [401]
[119][104] -> [422]
[351][301] -> [427]
[387][323] -> [455]
[267][115] -> [458]
[117][110] -> [330]
[97][100] -> [326]
[343][263] -> [479]
[112][263] -> [405]
[100][361] -> [396]
[438][296] -> [489]
[385][268] -> [392]
[312][98] -> [494]
[97][108] -> [266]
[47][32] -> [442]
[266][472] -> [480]
[263][256] -> [496]
[275][73] -> [384]
[289][112] -> [438]
[103][401] -> [473]
[101][108] -> [277]
[105][115] -> [337]
[264][269] -> [369]
[294][352] -> [393]
[104][375] -> [451]
[118][277] -> [476]
[108][256] -> [296]
[98][256] -> [346]
[257][104] -> [261]
[97][110] -> [265]
[111][110] -> [262]
[111][32] -> [272]
[112][281] -> [456]
[46][32] -> [275]
[111][117] -> [358]
[338][97] -> [424]
[311][32] -> [430]
[395][356] -> [443]
[329][100] -> [347]
[265][268] -> [297]
[100][101] -> [301]
[317][104] -> [375]
[97][32] -> [293]
[328][97] -> [387]
[116][288] -> [491]
[105][109] -> [309]
[101][268] -> [320]
[109][259] -> [485]
[261][260] -> [335]
[117][116] -> [310]
[103][256] -> [419]
[403][410] -> [466]
[112][276] -> [312]
[315][32] -> [406]
[117][292] -> [339]
[97][99] -> [319]
[466][442] -> [470]
[334][105] -> [454]
[260][256] -> [444]
[259][267] -> [376]
[116][111] -> [332]
[97][292] -> [459]
[32][115] -> [282]
[116][32] -> [269]
[112][310] -> [429]
[270][32] -> [286]
[102][271] -> [315]
[100][114] -> [342]
[111][112] -> [340]
[276][109] -> [372]
[282][408] -> [495]
[259][103] -> [270]
[399][102] -> [461]
[99][262] -> [379]
[264][115] -> [397]
[99][104] -> [292]
[119][271] -> [314]
[112][108] -> [365]
[105][102] -> [399]
[116][309] -> [434]
[99][101] -> [435]
[101][110] -> [264]
[118][101] -> [355]
[110][111] -> [439]
[99][306] -> [364]
[394][296] -> [437]
[109][265] -> [363]
[309][308] -> [391]
[97][112] -> [402]
[264][116] -> [334]
[312][396] -> [409]
[111][108] -> [360]
[117][298] -> [413]
[327][108] -> [416]
[273][108] -> [322]
[285][267] -> [377]
[261][256] -> [267]
[104][117] -> [450]
[110][101] -> [294]
[259][32] -> [348]
[101][119] -> [477]
[283][256] -> [421]
[278][104] -> [349]
[264][32] -> [441]
[386][411] -> [447]
[105][258] -> [280]
[116][104] -> [307]
[285][32] -> [318]
[354][32] -> [418]
[44][32] -> [279]
[350][286] -> [440]
[111][102] -> [285]
[115][116] -> [305]
[325][380] -> [386]
[290][83] -> [482]
[115][288] -> [407]
[65][73] -> [389]
[108][121] -> [490]
[266][32] -> [302]
